Label 10% 20% 30% 40% 50% 60% 70% 80% 90% 100% 
D112_0_1.jpg 1.06 0.84 0.7 0.63 0.42 0.36 0.36 0.38 0.4 0.38 
D112_0_10.jpg 0.82 0.6 0.52 0.48 0.42 0.37 0.36 0.37 0.38 0.38 
D112_0_11.jpg 0.9 0.82 0.78 0.74 0.71 0.3 0.31 0.34 0.36 0.37 
D112_0_12.jpg 1.06 0.88 0.83 0.77 0.66 0.3 0.31 0.33 0.35 0.37 
D112_0_13.jpg 1.06 0.88 0.72 0.72 0.49 0.36 0.34 0.36 0.37 0.38 
D112_0_14.jpg 1.0 0.82 0.75 0.65 0.59 0.31 0.31 0.34 0.36 0.37 
D112_0_15.jpg 1.06 0.6 0.44 0.42 0.39 0.36 0.37 0.39 0.4 0.38 
D112_0_16.jpg 0.95 0.44 0.42 0.44 0.44 0.29 0.3 0.33 0.35 0.37 
D112_0_17.jpg 1.06 0.88 0.76 0.67 0.56 0.3 0.3 0.33 0.35 0.37 
D112_0_18.jpg 1.06 0.78 0.65 0.65 0.57 0.3 0.3 0.33 0.35 0.36 
D112_0_19.jpg 1.0 0.69 0.61 0.6 0.51 0.3 0.3 0.33 0.35 0.37 
D112_0_2.jpg 1.0 0.84 0.78 0.76 0.64 0.3 0.31 0.33 0.35 0.36 
D112_0_20.jpg 1.0 0.72 0.68 0.64 0.55 0.31 0.31 0.34 0.36 0.37 
D112_0_21.jpg 1.06 1.03 0.72 0.69 0.58 0.29 0.3 0.33 0.35 0.36 
D112_0_22.jpg 1.06 0.64 0.55 0.53 0.45 0.29 0.3 0.33 0.35 0.37 
D112_0_23.jpg 1.0 0.9 0.86 0.76 0.69 0.31 0.31 0.34 0.36 0.37 
D112_0_24.jpg 1.06 0.75 0.71 0.69 0.61 0.31 0.31 0.34 0.36 0.37 
D112_0_25.jpg 0.86 0.67 0.61 0.6 0.51 0.36 0.32 0.34 0.36 0.37 
D112_0_3.jpg 1.0 0.75 0.52 0.51 0.39 0.36 0.36 0.39 0.4 0.38 
D112_0_4.jpg 1.0 0.68 0.55 0.52 0.46 0.38 0.35 0.36 0.37 0.38 
D112_0_5.jpg 0.69 0.49 0.36 0.37 0.38 0.36 0.37 0.39 0.41 0.4 
D112_0_6.jpg 1.06 0.75 0.71 0.62 0.43 0.36 0.36 0.38 0.4 0.38 
D112_0_7.jpg 1.06 0.73 0.64 0.59 0.47 0.36 0.35 0.38 0.38 0.38 
D112_0_8.jpg 1.0 0.8 0.68 0.6 0.39 0.36 0.35 0.38 0.4 0.38 
D112_0_9.jpg 0.9 0.73 0.6 0.54 0.45 0.36 0.36 0.38 0.4 0.38 
D112_120_1.jpg 0.22 0.28 0.32 0.35 0.39 0.4 0.41 0.41 0.4 0.38 
D112_120_10.jpg 0.95 0.9 0.86 0.73 0.31 0.32 0.34 0.35 0.36 0.38 
D112_120_11.jpg 1.0 0.95 0.86 0.77 0.31 0.32 0.35 0.35 0.36 0.38 
D112_120_2.jpg 0.6 0.59 0.48 0.49 0.37 0.33 0.34 0.35 0.37 0.38 
D112_120_3.jpg 0.5 0.47 0.46 0.46 0.38 0.35 0.35 0.36 0.37 0.38 
D112_120_4.jpg 0.95 0.88 0.76 0.65 0.31 0.33 0.35 0.35 0.37 0.38 
D112_120_5.jpg 0.36 0.38 0.39 0.4 0.38 0.37 0.37 0.36 0.37 0.38 
D112_120_6.jpg 0.95 0.88 0.77 0.67 0.31 0.33 0.35 0.35 0.36 0.38 
D112_120_7.jpg 0.95 0.82 0.77 0.69 0.31 0.33 0.34 0.35 0.37 0.38 
D112_120_8.jpg 1.06 1.0 0.87 0.75 0.31 0.33 0.35 0.35 0.37 0.38 
D112_120_9.jpg 0.75 0.71 0.67 0.54 0.31 0.32 0.34 0.35 0.36 0.38 
D112_150_1.jpg 0.41 0.37 0.38 0.4 0.39 0.4 0.39 0.36 0.37 0.38 
D112_150_10.jpg 0.95 0.82 0.63 0.55 0.3 0.32 0.34 0.35 0.36 0.38 
D112_150_11.jpg 0.95 0.88 0.81 0.68 0.3 0.32 0.35 0.35 0.36 0.38 
D112_150_2.jpg 0.43 0.38 0.39 0.4 0.37 0.39 0.37 0.35 0.37 0.38 
D112_150_3.jpg 0.86 0.84 0.77 0.71 0.3 0.33 0.34 0.35 0.36 0.38 
D112_150_4.jpg 1.06 0.86 0.78 0.68 0.31 0.33 0.35 0.35 0.37 0.38 
D112_150_5.jpg 1.0 0.77 0.57 0.55 0.32 0.33 0.34 0.35 0.36 0.38 
D112_150_6.jpg 0.82 0.86 0.79 0.71 0.3 0.33 0.35 0.35 0.36 0.38 
D112_150_7.jpg 0.95 0.95 0.71 0.64 0.3 0.32 0.34 0.35 0.36 0.38 
D112_150_8.jpg 0.35 0.29 0.32 0.36 0.38 0.41 0.41 0.39 0.38 0.38 
D112_150_9.jpg 0.9 0.75 0.68 0.59 0.32 0.34 0.35 0.35 0.37 0.38 
D112_180_1.jpg 0.82 0.65 0.63 0.6 0.51 0.36 0.32 0.34 0.36 0.37 
D112_180_10.jpg 1.0 0.44 0.42 0.44 0.44 0.29 0.3 0.33 0.35 0.37 
D112_180_11.jpg 1.06 0.57 0.45 0.43 0.39 0.36 0.36 0.39 0.4 0.38 
D112_180_12.jpg 1.0 0.8 0.75 0.67 0.6 0.32 0.31 0.34 0.36 0.37 
D112_180_13.jpg 1.06 0.88 0.71 0.72 0.51 0.37 0.34 0.36 0.37 0.38 
D112_180_14.jpg 1.06 0.88 0.81 0.77 0.66 0.3 0.31 0.33 0.35 0.37 
D112_180_15.jpg 0.9 0.82 0.78 0.74 0.71 0.3 0.31 0.34 0.36 0.37 
D112_180_16.jpg 0.82 0.6 0.52 0.49 0.43 0.37 0.36 0.37 0.38 0.38 
D112_180_17.jpg 1.0 0.72 0.64 0.55 0.46 0.36 0.36 0.38 0.39 0.38 
D112_180_18.jpg 1.06 0.8 0.68 0.63 0.41 0.36 0.35 0.38 0.39 0.38 
D112_180_19.jpg 1.06 0.72 0.66 0.6 0.48 0.36 0.35 0.38 0.38 0.38 
D112_180_2.jpg 1.06 0.75 0.72 0.69 0.62 0.32 0.31 0.34 0.36 0.37 
D112_180_20.jpg 1.06 0.77 0.72 0.63 0.42 0.36 0.36 0.38 0.39 0.38 
D112_180_21.jpg 0.69 0.49 0.4 0.4 0.39 0.36 0.37 0.39 0.41 0.4 
D112_180_22.jpg 1.0 0.68 0.56 0.54 0.45 0.38 0.35 0.36 0.37 0.38 
D112_180_23.jpg 1.0 0.72 0.52 0.51 0.39 0.36 0.36 0.39 0.4 0.38 
D112_180_24.jpg 1.0 0.84 0.77 0.74 0.64 0.3 0.31 0.33 0.35 0.37 
D112_180_25.jpg 1.06 0.84 0.71 0.63 0.43 0.38 0.35 0.38 0.39 0.38 
D112_180_3.jpg 1.06 0.92 0.86 0.76 0.69 0.31 0.31 0.34 0.36 0.37 
D112_180_4.jpg 1.0 0.65 0.55 0.53 0.45 0.29 0.3 0.33 0.35 0.37 
D112_180_5.jpg 1.06 0.97 0.74 0.7 0.58 0.29 0.3 0.33 0.35 0.37 
D112_180_6.jpg 1.06 0.71 0.68 0.64 0.55 0.32 0.31 0.34 0.36 0.37 
D112_180_7.jpg 1.0 0.71 0.63 0.6 0.51 0.29 0.3 0.33 0.35 0.37 
D112_180_8.jpg 1.06 0.78 0.65 0.65 0.57 0.3 0.3 0.33 0.35 0.37 
D112_180_9.jpg 1.06 0.88 0.77 0.67 0.56 0.3 0.3 0.33 0.35 0.37 
D112_210_1.jpg 1.06 1.0 0.89 0.7 0.31 0.33 0.35 0.35 0.37 0.38 
D112_210_10.jpg 1.0 0.84 0.78 0.67 0.31 0.33 0.34 0.35 0.36 0.38 
D112_210_11.jpg 0.72 0.64 0.62 0.48 0.31 0.32 0.34 0.35 0.36 0.38 
D112_210_2.jpg 1.0 0.86 0.81 0.72 0.31 0.33 0.35 0.35 0.36 0.38 
D112_210_3.jpg 1.0 0.84 0.68 0.58 0.33 0.33 0.35 0.35 0.36 0.38 
D112_210_4.jpg 0.95 0.95 0.73 0.59 0.32 0.33 0.35 0.35 0.37 0.38 
D112_210_5.jpg 0.45 0.49 0.47 0.46 0.37 0.37 0.37 0.35 0.37 0.38 
D112_210_6.jpg 0.9 0.84 0.78 0.64 0.31 0.33 0.35 0.35 0.36 0.38 
D112_210_7.jpg 1.0 0.95 0.84 0.71 0.31 0.33 0.35 0.35 0.36 0.38 
D112_210_8.jpg 1.06 0.97 0.86 0.71 0.31 0.32 0.35 0.35 0.37 0.38 
D112_210_9.jpg 0.45 0.5 0.47 0.47 0.38 0.36 0.35 0.36 0.37 0.38 
D112_240_1.jpg 1.06 1.0 0.96 0.76 0.31 0.33 0.35 0.35 0.37 0.38 
D112_240_10.jpg 1.0 0.97 0.89 0.72 0.32 0.33 0.35 0.35 0.36 0.38 
D112_240_11.jpg 0.62 0.61 0.6 0.54 0.31 0.32 0.35 0.35 0.37 0.38 
D112_240_2.jpg 1.06 1.0 0.74 0.67 0.32 0.33 0.35 0.35 0.37 0.38 
D112_240_3.jpg 1.06 0.86 0.77 0.65 0.32 0.33 0.35 0.35 0.36 0.38 
D112_240_4.jpg 0.95 0.9 0.86 0.69 0.31 0.33 0.35 0.35 0.36 0.38 
D112_240_5.jpg 1.06 0.97 0.9 0.71 0.32 0.33 0.35 0.35 0.37 0.38 
D112_240_6.jpg 1.0 0.97 0.92 0.7 0.32 0.33 0.34 0.35 0.36 0.38 
D112_240_7.jpg 0.82 0.51 0.49 0.47 0.31 0.32 0.34 0.35 0.36 0.38 
D112_240_8.jpg 0.41 0.4 0.39 0.4 0.39 0.41 0.39 0.37 0.37 0.38 
D112_240_9.jpg 1.06 0.95 0.9 0.71 0.31 0.33 0.35 0.35 0.37 0.38 
D112_270_1.jpg 1.06 0.97 0.78 0.75 0.68 0.29 0.31 0.33 0.35 0.37 
D112_270_10.jpg 1.0 0.9 0.78 0.77 0.66 0.3 0.31 0.34 0.36 0.37 
D112_270_11.jpg 1.06 0.9 0.77 0.74 0.65 0.32 0.32 0.34 0.36 0.37 
D112_270_12.jpg 0.86 0.63 0.61 0.61 0.5 0.29 0.3 0.33 0.35 0.37 
D112_270_13.jpg 0.9 0.88 0.66 0.61 0.41 0.35 0.36 0.39 0.4 0.38 
D112_270_14.jpg 1.0 0.75 0.47 0.35 0.35 0.36 0.38 0.4 0.41 0.42 
D112_270_15.jpg 1.06 0.9 0.72 0.66 0.49 0.35 0.34 0.36 0.37 0.37 
D112_270_16.jpg 0.95 0.86 0.7 0.71 0.64 0.32 0.32 0.34 0.36 0.37 
D112_270_17.jpg 0.95 0.68 0.66 0.59 0.57 0.3 0.31 0.33 0.35 0.37 
D112_270_18.jpg 1.0 0.84 0.7 0.65 0.56 0.31 0.32 0.34 0.36 0.37 
D112_270_19.jpg 1.0 0.65 0.58 0.51 0.4 0.35 0.37 0.39 0.4 0.38 
D112_270_2.jpg 1.06 0.72 0.6 0.54 0.49 0.29 0.3 0.33 0.35 0.37 
D112_270_20.jpg 1.06 0.63 0.57 0.46 0.42 0.36 0.37 0.39 0.39 0.38 
D112_270_21.jpg 1.06 0.73 0.6 0.6 0.51 0.35 0.32 0.34 0.36 0.37 
D112_270_22.jpg 0.95 0.84 0.66 0.64 0.54 0.31 0.32 0.34 0.36 0.36 
D112_270_23.jpg 1.0 0.6 0.57 0.46 0.41 0.34 0.36 0.37 0.37 0.38 
D112_270_24.jpg 0.9 0.59 0.49 0.42 0.41 0.36 0.37 0.39 0.39 0.38 
D112_270_25.jpg 0.69 0.44 0.38 0.37 0.35 0.36 0.38 0.4 0.41 0.41 
D112_270_3.jpg 0.95 0.78 0.79 0.77 0.67 0.31 0.31 0.34 0.36 0.37 
D112_270_4.jpg 1.06 0.92 0.78 0.65 0.46 0.36 0.36 0.38 0.39 0.38 
D112_270_5.jpg 1.06 0.88 0.82 0.59 0.41 0.35 0.36 0.38 0.4 0.38 
D112_270_6.jpg 0.9 0.62 0.5 0.46 0.45 0.29 0.3 0.33 0.35 0.37 
D112_270_7.jpg 1.06 0.9 0.72 0.66 0.64 0.29 0.3 0.33 0.35 0.37 
D112_270_8.jpg 1.06 0.92 0.82 0.73 0.63 0.3 0.31 0.34 0.36 0.37 
D112_270_9.jpg 1.0 0.88 0.7 0.67 0.49 0.37 0.36 0.38 0.39 0.38 
D112_300_1.jpg 0.9 0.8 0.65 0.56 0.3 0.32 0.34 0.35 0.36 0.38 
D112_300_10.jpg 0.95 0.77 0.69 0.61 0.33 0.33 0.35 0.35 0.37 0.38 
D112_300_11.jpg 1.0 0.78 0.69 0.62 0.32 0.33 0.35 0.35 0.37 0.38 
D112_300_2.jpg 1.06 0.97 0.92 0.74 0.31 0.33 0.34 0.35 0.36 0.38 
D112_300_3.jpg 1.06 0.84 0.76 0.67 0.3 0.32 0.35 0.35 0.36 0.38 
D112_300_4.jpg 0.56 0.43 0.45 0.46 0.3 0.32 0.34 0.35 0.36 0.38 
D112_300_5.jpg 1.0 0.97 0.81 0.67 0.31 0.33 0.35 0.35 0.36 0.38 
D112_300_6.jpg 1.06 0.95 0.77 0.61 0.31 0.33 0.35 0.35 0.37 0.38 
D112_300_7.jpg 0.95 0.9 0.78 0.73 0.31 0.32 0.35 0.35 0.37 0.38 
D112_300_8.jpg 1.06 0.97 0.87 0.77 0.31 0.33 0.34 0.35 0.36 0.38 
D112_300_9.jpg 1.06 0.86 0.69 0.6 0.31 0.33 0.35 0.35 0.37 0.38 
D112_30_1.jpg 0.4 0.44 0.49 0.43 0.39 0.37 0.35 0.36 0.37 0.38 
D112_30_10.jpg 1.06 1.03 0.93 0.72 0.31 0.33 0.34 0.35 0.36 0.38 
D112_30_11.jpg 1.06 0.97 0.86 0.71 0.31 0.33 0.35 0.35 0.36 0.38 
D112_30_2.jpg 1.06 0.97 0.9 0.73 0.31 0.33 0.35 0.35 0.36 0.38 
D112_30_3.jpg 1.06 0.97 0.92 0.73 0.31 0.33 0.35 0.35 0.36 0.38 
D112_30_4.jpg 1.0 0.88 0.81 0.67 0.3 0.32 0.35 0.35 0.36 0.38 
D112_30_5.jpg 0.69 0.49 0.44 0.46 0.3 0.32 0.34 0.35 0.36 0.38 
D112_30_6.jpg 0.75 0.51 0.48 0.47 0.3 0.32 0.34 0.35 0.36 0.38 
D112_30_7.jpg 1.06 0.95 0.83 0.73 0.31 0.33 0.35 0.35 0.37 0.38 
D112_30_8.jpg 0.9 0.77 0.67 0.58 0.32 0.33 0.35 0.35 0.37 0.38 
D112_30_9.jpg 0.6 0.4 0.41 0.45 0.3 0.32 0.34 0.35 0.36 0.38 
D112_330_1.jpg 0.41 0.33 0.41 0.46 0.3 0.32 0.34 0.35 0.36 0.38 
D112_330_10.jpg 1.06 0.97 0.86 0.73 0.31 0.33 0.35 0.35 0.37 0.38 
D112_330_11.jpg 0.95 0.92 0.82 0.67 0.3 0.33 0.35 0.35 0.37 0.38 
D112_330_2.jpg 0.33 0.32 0.4 0.46 0.3 0.32 0.34 0.35 0.36 0.38 
D112_330_3.jpg 0.55 0.36 0.41 0.46 0.3 0.32 0.34 0.35 0.36 0.38 
D112_330_4.jpg 0.86 0.8 0.78 0.64 0.31 0.32 0.34 0.35 0.36 0.38 
D112_330_5.jpg 1.06 1.0 0.89 0.73 0.31 0.33 0.35 0.35 0.37 0.38 
D112_330_6.jpg 0.95 0.71 0.58 0.51 0.3 0.32 0.34 0.35 0.36 0.38 
D112_330_7.jpg 0.78 0.58 0.56 0.49 0.3 0.32 0.34 0.35 0.36 0.38 
D112_330_8.jpg 1.0 0.97 0.9 0.75 0.31 0.32 0.35 0.35 0.37 0.38 
D112_330_9.jpg 0.95 0.97 0.92 0.77 0.31 0.32 0.35 0.35 0.36 0.38 
D112_60_1.jpg 0.86 0.56 0.49 0.49 0.39 0.34 0.35 0.35 0.36 0.38 
D112_60_10.jpg 0.72 0.46 0.44 0.46 0.3 0.32 0.34 0.35 0.36 0.38 
D112_60_11.jpg 1.06 0.97 0.87 0.7 0.31 0.32 0.35 0.35 0.37 0.38 
D112_60_2.jpg 0.64 0.65 0.65 0.53 0.31 0.32 0.34 0.35 0.36 0.38 
D112_60_3.jpg 1.06 0.82 0.71 0.63 0.32 0.33 0.35 0.35 0.36 0.38 
D112_60_4.jpg 1.0 0.75 0.69 0.56 0.33 0.33 0.35 0.35 0.36 0.38 
D112_60_5.jpg 0.95 0.88 0.83 0.71 0.31 0.33 0.35 0.35 0.36 0.38 
D112_60_6.jpg 0.86 0.75 0.65 0.55 0.31 0.32 0.34 0.35 0.36 0.38 
D112_60_7.jpg 1.0 0.95 0.79 0.7 0.31 0.33 0.35 0.35 0.36 0.38 
D112_60_8.jpg 0.41 0.35 0.41 0.45 0.3 0.32 0.34 0.35 0.36 0.38 
D112_60_9.jpg 0.78 0.57 0.51 0.47 0.3 0.32 0.34 0.35 0.36 0.38 
D112_90_1.jpg 0.69 0.44 0.41 0.36 0.35 0.36 0.38 0.4 0.41 0.41 
D112_90_10.jpg 0.95 0.86 0.71 0.71 0.64 0.32 0.32 0.34 0.36 0.37 
D112_90_11.jpg 1.06 0.9 0.71 0.65 0.51 0.35 0.34 0.36 0.37 0.37 
D112_90_12.jpg 0.95 0.75 0.49 0.35 0.35 0.36 0.38 0.4 0.41 0.42 
D112_90_13.jpg 0.95 0.88 0.67 0.6 0.41 0.36 0.36 0.39 0.4 0.38 
D112_90_14.jpg 0.86 0.64 0.61 0.61 0.51 0.29 0.3 0.33 0.35 0.37 
D112_90_15.jpg 1.06 0.9 0.81 0.76 0.66 0.32 0.32 0.34 0.36 0.37 
D112_90_16.jpg 1.0 0.88 0.78 0.78 0.67 0.3 0.31 0.34 0.36 0.37 
D112_90_17.jpg 1.0 0.9 0.69 0.65 0.48 0.36 0.36 0.38 0.39 0.38 
D112_90_18.jpg 1.06 0.92 0.82 0.74 0.65 0.3 0.31 0.34 0.36 0.37 
D112_90_19.jpg 1.06 0.9 0.72 0.67 0.64 0.29 0.3 0.33 0.35 0.37 
D112_90_2.jpg 0.9 0.61 0.49 0.42 0.41 0.36 0.37 0.39 0.39 0.38 
D112_90_20.jpg 0.9 0.62 0.5 0.46 0.45 0.29 0.3 0.33 0.35 0.37 
D112_90_21.jpg 1.06 0.88 0.83 0.63 0.41 0.35 0.35 0.38 0.4 0.38 
D112_90_22.jpg 1.06 0.92 0.78 0.65 0.46 0.37 0.36 0.38 0.39 0.38 
D112_90_23.jpg 0.95 0.78 0.79 0.77 0.69 0.31 0.31 0.34 0.36 0.37 
D112_90_24.jpg 1.06 0.72 0.6 0.54 0.49 0.29 0.3 0.33 0.35 0.37 
D112_90_25.jpg 1.06 1.0 0.78 0.74 0.69 0.29 0.31 0.33 0.35 0.37 
D112_90_3.jpg 1.0 0.6 0.58 0.48 0.41 0.35 0.36 0.37 0.37 0.37 
D112_90_4.jpg 0.95 0.82 0.66 0.64 0.53 0.32 0.31 0.34 0.36 0.36 
D112_90_5.jpg 1.06 0.73 0.6 0.6 0.51 0.35 0.32 0.34 0.36 0.37 
D112_90_6.jpg 1.06 0.63 0.57 0.45 0.41 0.36 0.37 0.39 0.39 0.38 
D112_90_7.jpg 1.0 0.65 0.59 0.51 0.41 0.35 0.36 0.39 0.39 0.38 
D112_90_8.jpg 1.0 0.86 0.69 0.65 0.56 0.31 0.31 0.34 0.36 0.36 
D112_90_9.jpg 0.95 0.68 0.66 0.59 0.58 0.3 0.31 0.33 0.35 0.37 
D1_0_1.jpg 1.06 1.03 1.02 1.0 0.74 0.61 0.51 0.49 0.48 0.46 
D1_0_10.jpg 1.06 0.88 0.87 0.82 0.64 0.54 0.48 0.5 0.48 0.45 
D1_0_11.jpg 1.06 1.03 1.02 1.0 0.76 0.56 0.48 0.49 0.48 0.45 
D1_0_12.jpg 1.06 1.03 1.02 0.97 0.77 0.56 0.49 0.49 0.48 0.45 
D1_0_13.jpg 0.78 0.47 0.41 0.4 0.43 0.45 0.47 0.48 0.47 0.45 
D1_0_14.jpg 0.22 0.25 0.29 0.33 0.36 0.36 0.37 0.39 0.4 0.38 
D1_0_15.jpg 1.06 0.84 0.76 0.72 0.58 0.46 0.48 0.49 0.48 0.45 
D1_0_16.jpg 1.06 1.03 1.02 1.01 0.74 0.58 0.49 0.5 0.49 0.45 
D1_0_17.jpg 1.06 1.03 1.02 1.01 0.78 0.58 0.48 0.49 0.48 0.45 
D1_0_18.jpg 0.33 0.26 0.3 0.34 0.36 0.37 0.39 0.41 0.42 0.39 
D1_0_19.jpg 0.3 0.26 0.31 0.32 0.33 0.34 0.35 0.35 0.36 0.34 
D1_0_2.jpg 1.06 1.03 1.0 0.89 0.64 0.55 0.49 0.49 0.48 0.45 
D1_0_20.jpg 0.95 0.65 0.6 0.59 0.54 0.46 0.48 0.49 0.48 0.45 
D1_0_21.jpg 1.06 1.03 1.02 0.92 0.67 0.51 0.48 0.49 0.49 0.45 
D1_0_22.jpg 1.06 1.03 1.02 0.99 0.71 0.51 0.49 0.5 0.49 0.44 
D1_0_23.jpg 0.49 0.26 0.31 0.35 0.38 0.42 0.44 0.46 0.44 0.42 
D1_0_24.jpg 0.43 0.31 0.31 0.36 0.4 0.44 0.45 0.46 0.45 0.44 
D1_0_25.jpg 0.95 0.77 0.7 0.66 0.59 0.48 0.48 0.49 0.48 0.45 
D1_0_3.jpg 1.0 0.9 0.9 0.77 0.62 0.52 0.48 0.48 0.48 0.45 
D1_0_4.jpg 1.06 1.03 0.98 0.94 0.72 0.56 0.49 0.49 0.48 0.45 
D1_0_5.jpg 1.06 1.03 0.98 0.91 0.71 0.59 0.49 0.49 0.48 0.44 
D1_0_6.jpg 1.06 1.03 0.93 0.85 0.66 0.55 0.49 0.49 0.48 0.45 
D1_0_7.jpg 1.06 1.03 1.02 0.95 0.74 0.59 0.49 0.49 0.48 0.46 
D1_0_8.jpg 1.06 1.03 1.02 0.96 0.73 0.55 0.48 0.49 0.48 0.45 
D1_0_9.jpg 1.06 0.97 0.9 0.81 0.64 0.56 0.49 0.49 0.48 0.45 
D1_120_1.jpg 0.44 0.36 0.29 0.25 0.23 0.23 0.25 0.28 0.3 0.32 
D1_120_10.jpg 0.95 0.47 0.38 0.36 0.33 0.29 0.27 0.28 0.3 0.32 
D1_120_11.jpg 0.82 0.59 0.46 0.37 0.32 0.27 0.25 0.28 0.3 0.32 
D1_120_2.jpg 0.44 0.3 0.27 0.23 0.22 0.23 0.25 0.28 0.3 0.32 
D1_120_3.jpg 0.21 0.19 0.22 0.22 0.23 0.24 0.25 0.28 0.3 0.32 
D1_120_4.jpg 0.11 0.15 0.2 0.23 0.23 0.24 0.25 0.28 0.3 0.32 
D1_120_5.jpg 1.06 0.65 0.46 0.37 0.31 0.27 0.26 0.28 0.3 0.32 
D1_120_6.jpg 0.58 0.33 0.31 0.24 0.23 0.23 0.25 0.28 0.3 0.32 
D1_120_7.jpg 0.26 0.24 0.25 0.23 0.24 0.23 0.25 0.28 0.3 0.32 
D1_120_8.jpg 0.21 0.2 0.23 0.22 0.24 0.23 0.25 0.28 0.3 0.32 
D1_120_9.jpg 0.95 0.52 0.42 0.3 0.26 0.24 0.25 0.28 0.3 0.32 
D1_150_1.jpg 0.58 0.28 0.31 0.3 0.26 0.23 0.25 0.28 0.3 0.32 
D1_150_10.jpg 1.0 0.49 0.42 0.38 0.35 0.3 0.29 0.3 0.31 0.32 
D1_150_11.jpg 0.72 0.58 0.42 0.4 0.33 0.29 0.27 0.28 0.3 0.32 
D1_150_2.jpg 0.67 0.58 0.41 0.37 0.35 0.29 0.26 0.28 0.3 0.32 
D1_150_3.jpg 0.23 0.2 0.21 0.23 0.23 0.23 0.25 0.28 0.3 0.32 
D1_150_4.jpg 0.56 0.29 0.3 0.3 0.26 0.24 0.25 0.28 0.3 0.32 
D1_150_5.jpg 0.64 0.38 0.33 0.32 0.28 0.24 0.25 0.28 0.3 0.32 
D1_150_6.jpg 0.23 0.23 0.23 0.23 0.23 0.23 0.25 0.28 0.3 0.32 
D1_150_7.jpg 0.56 0.32 0.32 0.31 0.26 0.24 0.25 0.28 0.3 0.32 
D1_150_8.jpg 0.86 0.62 0.44 0.37 0.35 0.3 0.27 0.28 0.3 0.32 
D1_150_9.jpg 0.95 0.49 0.4 0.35 0.31 0.26 0.25 0.28 0.3 0.32 
D1_180_1.jpg 0.95 0.78 0.7 0.67 0.58 0.48 0.48 0.49 0.48 0.45 
D1_180_10.jpg 1.06 1.03 1.02 1.01 0.74 0.54 0.49 0.5 0.48 0.45 
D1_180_11.jpg 1.06 0.84 0.76 0.72 0.57 0.46 0.48 0.49 0.48 0.45 
D1_180_12.jpg 0.22 0.24 0.29 0.33 0.36 0.36 0.38 0.39 0.4 0.38 
D1_180_13.jpg 0.78 0.46 0.38 0.4 0.43 0.45 0.47 0.48 0.48 0.45 
D1_180_14.jpg 1.06 1.03 1.02 0.97 0.77 0.57 0.48 0.49 0.48 0.46 
D1_180_15.jpg 1.06 1.03 1.02 1.0 0.75 0.58 0.48 0.49 0.49 0.45 
D1_180_16.jpg 1.06 0.88 0.86 0.82 0.64 0.51 0.48 0.5 0.48 0.45 
D1_180_17.jpg 1.06 0.97 0.89 0.81 0.64 0.48 0.49 0.5 0.48 0.46 
D1_180_18.jpg 1.06 1.03 1.02 0.92 0.69 0.5 0.48 0.49 0.48 0.45 
D1_180_19.jpg 1.06 1.03 1.02 0.96 0.73 0.55 0.48 0.49 0.49 0.45 
D1_180_2.jpg 0.44 0.28 0.31 0.36 0.41 0.44 0.45 0.47 0.45 0.45 
D1_180_20.jpg 1.06 1.03 0.95 0.85 0.66 0.56 0.48 0.49 0.48 0.45 
D1_180_21.jpg 1.06 1.03 0.98 0.91 0.71 0.51 0.48 0.49 0.48 0.45 
D1_180_22.jpg 1.06 1.03 1.0 0.94 0.7 0.5 0.48 0.49 0.48 0.45 
D1_180_23.jpg 1.0 0.9 0.9 0.78 0.61 0.49 0.48 0.49 0.48 0.45 
D1_180_24.jpg 1.06 1.03 1.0 0.91 0.64 0.54 0.48 0.49 0.48 0.45 
D1_180_25.jpg 1.06 1.03 1.02 1.01 0.76 0.61 0.49 0.49 0.49 0.45 
D1_180_3.jpg 0.46 0.27 0.31 0.35 0.38 0.42 0.44 0.46 0.44 0.42 
D1_180_4.jpg 1.06 1.03 1.02 0.97 0.73 0.48 0.49 0.5 0.48 0.45 
D1_180_5.jpg 1.06 1.03 1.02 0.92 0.68 0.5 0.48 0.49 0.49 0.45 
D1_180_6.jpg 0.86 0.65 0.61 0.59 0.55 0.46 0.48 0.49 0.48 0.45 
D1_180_7.jpg 0.26 0.28 0.31 0.33 0.34 0.34 0.35 0.35 0.37 0.34 
D1_180_8.jpg 0.34 0.26 0.31 0.33 0.37 0.39 0.39 0.41 0.43 0.4 
D1_180_9.jpg 1.06 1.03 1.02 1.01 0.77 0.5 0.48 0.49 0.48 0.45 
D1_210_1.jpg 1.06 0.56 0.41 0.38 0.34 0.3 0.27 0.28 0.3 0.32 
D1_210_10.jpg 0.23 0.17 0.2 0.22 0.23 0.23 0.25 0.28 0.3 0.32 
D1_210_11.jpg 0.95 0.59 0.38 0.36 0.31 0.27 0.26 0.28 0.3 0.32 
D1_210_2.jpg 0.39 0.24 0.24 0.23 0.23 0.24 0.25 0.28 0.3 0.32 
D1_210_3.jpg 1.06 0.62 0.41 0.38 0.34 0.3 0.28 0.28 0.3 0.32 
D1_210_4.jpg 0.39 0.36 0.34 0.37 0.39 0.4 0.42 0.43 0.43 0.41 
D1_210_5.jpg 0.55 0.44 0.34 0.28 0.26 0.23 0.25 0.28 0.3 0.32 
D1_210_6.jpg 0.19 0.16 0.19 0.21 0.23 0.24 0.25 0.28 0.3 0.32 
D1_210_7.jpg 0.34 0.26 0.26 0.23 0.23 0.23 0.25 0.28 0.3 0.32 
D1_210_8.jpg 0.64 0.46 0.37 0.35 0.32 0.29 0.27 0.28 0.3 0.32 
D1_210_9.jpg 0.69 0.51 0.4 0.3 0.27 0.24 0.25 0.28 0.3 0.32 
D1_240_1.jpg 0.95 0.5 0.41 0.38 0.37 0.35 0.33 0.34 0.35 0.34 
D1_240_10.jpg 0.17 0.18 0.19 0.22 0.23 0.24 0.25 0.28 0.3 0.32 
D1_240_11.jpg 1.06 0.71 0.48 0.41 0.36 0.31 0.28 0.28 0.3 0.32 
D1_240_2.jpg 1.0 0.63 0.5 0.42 0.34 0.3 0.27 0.28 0.3 0.32 
D1_240_3.jpg 0.62 0.44 0.4 0.4 0.41 0.38 0.34 0.35 0.36 0.35 
D1_240_4.jpg 0.55 0.39 0.36 0.38 0.39 0.42 0.43 0.44 0.44 0.41 
D1_240_5.jpg 0.24 0.2 0.21 0.22 0.23 0.24 0.25 0.28 0.3 0.32 
D1_240_6.jpg 0.69 0.51 0.5 0.35 0.32 0.27 0.26 0.28 0.3 0.32 
D1_240_7.jpg 0.75 0.4 0.35 0.39 0.34 0.31 0.3 0.29 0.31 0.32 
D1_240_8.jpg 0.37 0.27 0.26 0.25 0.24 0.24 0.25 0.28 0.3 0.32 
D1_240_9.jpg 0.13 0.16 0.19 0.22 0.23 0.24 0.25 0.28 0.3 0.32 
D1_270_1.jpg 1.06 1.03 1.02 0.97 0.75 0.51 0.48 0.49 0.49 0.45 
D1_270_10.jpg 1.06 1.03 1.02 0.89 0.71 0.53 0.48 0.49 0.48 0.45 
D1_270_11.jpg 0.9 0.39 0.32 0.37 0.41 0.44 0.45 0.46 0.44 0.44 
D1_270_12.jpg 0.51 0.25 0.3 0.34 0.37 0.39 0.43 0.44 0.44 0.4 
D1_270_13.jpg 0.82 0.49 0.49 0.49 0.44 0.45 0.47 0.48 0.48 0.45 
D1_270_14.jpg 1.06 1.03 1.02 0.94 0.73 0.5 0.47 0.49 0.47 0.45 
D1_270_15.jpg 1.06 1.03 1.02 0.88 0.71 0.5 0.47 0.49 0.48 0.45 
D1_270_16.jpg 0.45 0.26 0.3 0.35 0.39 0.42 0.44 0.45 0.44 0.43 
D1_270_17.jpg 0.28 0.28 0.31 0.31 0.34 0.36 0.35 0.36 0.37 0.35 
D1_270_18.jpg 0.34 0.26 0.3 0.33 0.36 0.36 0.38 0.4 0.42 0.38 
D1_270_19.jpg 1.0 0.9 0.84 0.74 0.61 0.48 0.47 0.49 0.47 0.44 
D1_270_2.jpg 1.06 1.03 1.02 1.01 0.76 0.57 0.48 0.5 0.49 0.45 
D1_270_20.jpg 1.06 1.03 1.02 0.97 0.71 0.51 0.48 0.48 0.46 0.44 
D1_270_21.jpg 0.82 0.64 0.56 0.57 0.51 0.48 0.47 0.49 0.48 0.45 
D1_270_22.jpg 1.06 0.97 0.87 0.81 0.6 0.48 0.48 0.49 0.47 0.44 
D1_270_23.jpg 0.95 0.78 0.76 0.69 0.57 0.48 0.48 0.49 0.48 0.45 
D1_270_24.jpg 0.86 0.8 0.77 0.69 0.59 0.48 0.48 0.49 0.48 0.44 
D1_270_25.jpg 1.06 1.03 1.02 1.0 0.83 0.53 0.48 0.5 0.48 0.45 
D1_270_3.jpg 1.06 1.03 1.02 1.01 0.74 0.54 0.48 0.5 0.49 0.45 
D1_270_4.jpg 1.06 1.03 1.02 0.87 0.71 0.52 0.48 0.49 0.48 0.45 
D1_270_5.jpg 1.06 1.03 1.02 1.01 0.73 0.59 0.49 0.49 0.49 0.46 
D1_270_6.jpg 1.06 1.03 1.02 1.01 0.81 0.51 0.48 0.49 0.49 0.45 
D1_270_7.jpg 1.06 1.03 1.02 1.01 0.83 0.57 0.48 0.5 0.48 0.45 
D1_270_8.jpg 1.06 1.03 1.02 1.0 0.79 0.55 0.49 0.49 0.49 0.45 
D1_270_9.jpg 1.06 1.03 1.02 0.97 0.75 0.53 0.48 0.49 0.48 0.45 
D1_300_1.jpg 0.27 0.31 0.31 0.33 0.36 0.38 0.39 0.4 0.41 0.39 
D1_300_10.jpg 0.19 0.19 0.2 0.22 0.23 0.24 0.25 0.28 0.3 0.32 
D1_300_11.jpg 0.19 0.19 0.19 0.21 0.23 0.24 0.25 0.28 0.3 0.32 
D1_300_2.jpg 0.46 0.35 0.35 0.36 0.38 0.38 0.37 0.39 0.39 0.37 
D1_300_3.jpg 1.06 0.58 0.47 0.36 0.34 0.29 0.27 0.28 0.3 0.32 
D1_300_4.jpg 0.9 0.44 0.39 0.37 0.33 0.31 0.28 0.29 0.3 0.32 
D1_300_5.jpg 0.95 0.57 0.43 0.39 0.36 0.3 0.27 0.28 0.3 0.32 
D1_300_6.jpg 0.35 0.38 0.35 0.38 0.38 0.37 0.39 0.41 0.41 0.38 
D1_300_7.jpg 0.75 0.56 0.45 0.38 0.33 0.28 0.25 0.28 0.3 0.32 
D1_300_8.jpg 0.86 0.72 0.52 0.38 0.33 0.28 0.25 0.28 0.3 0.32 
D1_300_9.jpg 0.82 0.55 0.4 0.38 0.35 0.31 0.27 0.28 0.3 0.32 
D1_30_1.jpg 1.06 0.51 0.4 0.36 0.34 0.29 0.26 0.28 0.3 0.32 
D1_30_10.jpg 0.6 0.5 0.44 0.39 0.34 0.34 0.33 0.32 0.34 0.33 
D1_30_11.jpg 0.39 0.4 0.33 0.27 0.26 0.23 0.25 0.28 0.3 0.32 
D1_30_2.jpg 0.67 0.44 0.4 0.38 0.33 0.33 0.32 0.32 0.33 0.32 
D1_30_3.jpg 0.86 0.6 0.42 0.33 0.31 0.25 0.25 0.28 0.3 0.32 
D1_30_4.jpg 0.5 0.29 0.31 0.25 0.24 0.23 0.25 0.28 0.3 0.32 
D1_30_5.jpg 0.62 0.36 0.35 0.34 0.34 0.34 0.32 0.33 0.34 0.33 
D1_30_6.jpg 0.86 0.39 0.4 0.36 0.34 0.33 0.32 0.31 0.33 0.33 
D1_30_7.jpg 0.82 0.61 0.42 0.33 0.3 0.25 0.25 0.28 0.3 0.32 
D1_30_8.jpg 0.45 0.28 0.26 0.23 0.23 0.23 0.25 0.28 0.3 0.32 
D1_30_9.jpg 0.28 0.33 0.32 0.32 0.34 0.35 0.35 0.35 0.37 0.35 
D1_330_1.jpg 0.55 0.42 0.34 0.34 0.37 0.39 0.4 0.4 0.4 0.38 
D1_330_10.jpg 0.78 0.51 0.45 0.38 0.32 0.26 0.25 0.28 0.3 0.32 
D1_330_11.jpg 0.22 0.19 0.2 0.22 0.23 0.24 0.25 0.28 0.3 0.32 
D1_330_2.jpg 0.95 0.43 0.41 0.37 0.35 0.35 0.34 0.35 0.36 0.34 
D1_330_3.jpg 0.69 0.44 0.33 0.37 0.36 0.37 0.38 0.39 0.39 0.37 
D1_330_4.jpg 0.56 0.38 0.37 0.35 0.35 0.35 0.36 0.35 0.36 0.35 
D1_330_5.jpg 0.56 0.47 0.39 0.39 0.41 0.43 0.44 0.44 0.44 0.42 
D1_330_6.jpg 0.78 0.6 0.48 0.4 0.35 0.32 0.3 0.31 0.32 0.32 
D1_330_7.jpg 0.72 0.63 0.43 0.38 0.32 0.28 0.26 0.28 0.3 0.32 
D1_330_8.jpg 0.62 0.41 0.41 0.4 0.36 0.35 0.33 0.35 0.35 0.33 
D1_330_9.jpg 0.72 0.38 0.41 0.41 0.38 0.35 0.35 0.36 0.36 0.34 
D1_60_1.jpg 0.95 0.51 0.44 0.42 0.35 0.34 0.32 0.31 0.33 0.33 
D1_60_10.jpg 0.86 0.63 0.53 0.42 0.35 0.28 0.26 0.28 0.3 0.32 
D1_60_11.jpg 0.78 0.52 0.49 0.37 0.32 0.26 0.26 0.28 0.3 0.32 
D1_60_2.jpg 1.06 0.64 0.55 0.43 0.39 0.31 0.3 0.29 0.31 0.32 
D1_60_3.jpg 0.82 0.41 0.37 0.33 0.28 0.24 0.25 0.28 0.3 0.32 
D1_60_4.jpg 0.72 0.48 0.45 0.35 0.32 0.26 0.25 0.28 0.3 0.32 
D1_60_5.jpg 0.56 0.45 0.39 0.37 0.35 0.36 0.33 0.34 0.36 0.34 
D1_60_6.jpg 0.82 0.47 0.41 0.37 0.37 0.35 0.33 0.34 0.36 0.34 
D1_60_7.jpg 0.38 0.25 0.25 0.24 0.23 0.24 0.25 0.28 0.3 0.32 
D1_60_8.jpg 0.5 0.39 0.34 0.35 0.37 0.37 0.39 0.39 0.4 0.37 
D1_60_9.jpg 1.06 0.56 0.45 0.39 0.34 0.31 0.29 0.3 0.31 0.32 
D1_90_1.jpg 1.06 1.03 1.02 1.0 0.82 0.53 0.48 0.5 0.49 0.45 
D1_90_10.jpg 0.42 0.27 0.31 0.35 0.39 0.42 0.44 0.45 0.45 0.42 
D1_90_11.jpg 1.06 1.03 1.02 0.89 0.71 0.5 0.48 0.49 0.49 0.45 
D1_90_12.jpg 1.06 1.03 1.02 0.94 0.74 0.49 0.48 0.49 0.48 0.45 
D1_90_13.jpg 0.82 0.48 0.48 0.49 0.45 0.45 0.47 0.48 0.48 0.45 
D1_90_14.jpg 0.47 0.26 0.3 0.34 0.38 0.39 0.43 0.44 0.44 0.4 
D1_90_15.jpg 0.86 0.39 0.32 0.37 0.41 0.43 0.46 0.46 0.45 0.44 
D1_90_16.jpg 1.06 1.03 1.02 0.9 0.71 0.52 0.48 0.49 0.49 0.45 
D1_90_17.jpg 1.06 1.03 1.02 0.96 0.74 0.52 0.48 0.49 0.49 0.45 
D1_90_18.jpg 1.06 1.03 1.02 1.0 0.79 0.53 0.49 0.49 0.48 0.45 
D1_90_19.jpg 1.06 1.03 1.02 1.01 0.83 0.56 0.49 0.5 0.49 0.45 
D1_90_2.jpg 0.86 0.8 0.78 0.69 0.58 0.49 0.49 0.49 0.48 0.44 
D1_90_20.jpg 1.06 1.03 1.02 1.01 0.8 0.49 0.49 0.49 0.49 0.45 
D1_90_21.jpg 1.06 1.03 1.02 1.01 0.73 0.58 0.49 0.5 0.49 0.45 
D1_90_22.jpg 1.06 1.03 1.02 0.87 0.71 0.51 0.48 0.49 0.49 0.45 
D1_90_23.jpg 1.06 1.03 1.02 1.01 0.74 0.53 0.49 0.5 0.49 0.45 
D1_90_24.jpg 1.06 1.03 1.02 1.01 0.76 0.57 0.48 0.5 0.49 0.45 
D1_90_25.jpg 1.06 1.03 1.02 0.96 0.75 0.53 0.48 0.49 0.49 0.45 
D1_90_3.jpg 1.0 0.78 0.76 0.69 0.57 0.48 0.48 0.5 0.49 0.44 
D1_90_4.jpg 1.0 0.97 0.87 0.8 0.6 0.5 0.48 0.5 0.48 0.44 
D1_90_5.jpg 0.82 0.63 0.55 0.56 0.51 0.48 0.48 0.5 0.49 0.45 
D1_90_6.jpg 1.06 1.03 1.02 0.97 0.71 0.52 0.48 0.49 0.48 0.44 
D1_90_7.jpg 1.0 0.9 0.84 0.77 0.61 0.51 0.48 0.49 0.48 0.44 
D1_90_8.jpg 0.35 0.26 0.31 0.33 0.36 0.36 0.38 0.4 0.42 0.39 
D1_90_9.jpg 0.27 0.29 0.32 0.32 0.34 0.36 0.36 0.36 0.38 0.35 
D2_0_1.jpg 0.2 0.18 0.22 0.25 0.26 0.25 0.26 0.28 0.3 0.32 
D2_0_10.jpg 0.53 0.33 0.26 0.29 0.3 0.27 0.28 0.3 0.31 0.33 
D2_0_11.jpg 0.69 0.41 0.37 0.36 0.33 0.35 0.37 0.39 0.39 0.4 
D2_0_12.jpg 1.0 0.62 0.38 0.32 0.31 0.29 0.3 0.32 0.34 0.36 
D2_0_13.jpg 1.06 0.68 0.44 0.35 0.3 0.31 0.32 0.34 0.36 0.37 
D2_0_14.jpg 0.67 0.35 0.25 0.27 0.28 0.27 0.28 0.3 0.31 0.33 
D2_0_15.jpg 1.0 0.44 0.29 0.3 0.29 0.28 0.29 0.31 0.33 0.34 
D2_0_16.jpg 0.82 0.37 0.4 0.36 0.35 0.36 0.37 0.39 0.4 0.4 
D2_0_17.jpg 0.35 0.29 0.35 0.38 0.41 0.45 0.47 0.46 0.45 0.41 
D2_0_18.jpg 0.95 0.4 0.35 0.37 0.36 0.38 0.4 0.41 0.41 0.41 
D2_0_19.jpg 1.0 0.58 0.4 0.32 0.3 0.31 0.32 0.34 0.36 0.38 
D2_0_2.jpg 0.51 0.31 0.24 0.27 0.28 0.26 0.26 0.28 0.31 0.33 
D2_0_20.jpg 1.06 0.51 0.43 0.38 0.33 0.34 0.35 0.37 0.38 0.39 
D2_0_21.jpg 0.44 0.38 0.33 0.34 0.36 0.38 0.39 0.4 0.41 0.4 
D2_0_22.jpg 0.95 0.55 0.39 0.33 0.31 0.31 0.32 0.34 0.36 0.38 
D2_0_23.jpg 1.06 0.84 0.41 0.33 0.3 0.3 0.31 0.34 0.35 0.37 
D2_0_24.jpg 0.95 0.44 0.38 0.34 0.34 0.34 0.36 0.38 0.39 0.39 
D2_0_25.jpg 0.9 0.36 0.34 0.36 0.4 0.4 0.43 0.44 0.43 0.4 
D2_0_3.jpg 0.49 0.3 0.25 0.27 0.29 0.26 0.26 0.28 0.31 0.33 
D2_0_4.jpg 0.15 0.15 0.19 0.23 0.25 0.24 0.26 0.28 0.3 0.32 
D2_0_5.jpg 0.22 0.19 0.21 0.24 0.26 0.25 0.26 0.28 0.3 0.32 
D2_0_6.jpg 0.2 0.24 0.25 0.29 0.29 0.25 0.26 0.28 0.31 0.32 
D2_0_7.jpg 0.9 0.52 0.31 0.3 0.29 0.28 0.29 0.31 0.34 0.35 
D2_0_8.jpg 0.62 0.4 0.26 0.28 0.3 0.27 0.27 0.29 0.31 0.33 
D2_0_9.jpg 0.37 0.25 0.23 0.28 0.29 0.26 0.26 0.28 0.31 0.32 
D2_120_1.jpg 1.06 0.97 0.86 0.73 0.49 0.49 0.52 0.49 0.45 0.42 
D2_120_10.jpg 0.72 0.5 0.53 0.49 0.49 0.5 0.51 0.5 0.45 0.41 
D2_120_11.jpg 1.0 0.9 0.84 0.73 0.49 0.49 0.51 0.49 0.44 0.42 
D2_120_2.jpg 0.78 0.72 0.62 0.57 0.49 0.51 0.51 0.49 0.45 0.41 
D2_120_3.jpg 1.0 0.92 0.77 0.65 0.49 0.49 0.51 0.5 0.45 0.42 
D2_120_4.jpg 0.56 0.48 0.51 0.51 0.49 0.5 0.51 0.49 0.44 0.42 
D2_120_5.jpg 0.25 0.29 0.37 0.42 0.47 0.49 0.52 0.5 0.44 0.41 
D2_120_6.jpg 0.78 0.73 0.59 0.56 0.49 0.5 0.51 0.5 0.45 0.42 
D2_120_7.jpg 0.56 0.52 0.49 0.48 0.49 0.5 0.51 0.49 0.45 0.41 
D2_120_8.jpg 1.0 0.8 0.71 0.6 0.49 0.49 0.52 0.5 0.45 0.42 
D2_120_9.jpg 0.33 0.32 0.34 0.38 0.38 0.41 0.43 0.43 0.43 0.41 
D2_150_1.jpg 1.06 0.92 0.84 0.7 0.5 0.5 0.52 0.51 0.44 0.41 
D2_150_10.jpg 0.53 0.47 0.49 0.51 0.51 0.51 0.52 0.51 0.45 0.41 
D2_150_11.jpg 1.06 0.82 0.77 0.69 0.5 0.5 0.52 0.51 0.44 0.41 
D2_150_2.jpg 1.06 0.9 0.83 0.73 0.49 0.5 0.52 0.5 0.45 0.41 
D2_150_3.jpg 1.06 0.8 0.77 0.67 0.51 0.5 0.52 0.5 0.44 0.41 
D2_150_4.jpg 1.06 0.92 0.82 0.68 0.51 0.51 0.52 0.5 0.44 0.42 
D2_150_5.jpg 1.06 0.82 0.73 0.64 0.51 0.51 0.52 0.51 0.45 0.41 
D2_150_6.jpg 0.78 0.69 0.57 0.58 0.51 0.51 0.52 0.5 0.45 0.41 
D2_150_7.jpg 1.06 0.95 0.79 0.72 0.51 0.5 0.52 0.5 0.44 0.41 
D2_150_8.jpg 0.31 0.36 0.43 0.46 0.49 0.51 0.52 0.51 0.45 0.41 
D2_150_9.jpg 0.6 0.44 0.47 0.5 0.5 0.51 0.52 0.51 0.45 0.41 
D2_180_1.jpg 0.72 0.33 0.33 0.36 0.39 0.43 0.43 0.44 0.43 0.4 
D2_180_10.jpg 0.95 0.38 0.4 0.38 0.35 0.36 0.37 0.38 0.4 0.4 
D2_180_11.jpg 1.0 0.44 0.29 0.3 0.28 0.28 0.29 0.31 0.33 0.34 
D2_180_12.jpg 0.67 0.35 0.25 0.28 0.28 0.27 0.28 0.3 0.31 0.33 
D2_180_13.jpg 1.06 0.69 0.45 0.34 0.3 0.31 0.32 0.34 0.36 0.38 
D2_180_14.jpg 0.95 0.67 0.38 0.32 0.3 0.29 0.3 0.32 0.34 0.36 
D2_180_15.jpg 0.72 0.4 0.37 0.36 0.34 0.35 0.36 0.38 0.39 0.4 
D2_180_16.jpg 0.53 0.34 0.26 0.29 0.29 0.27 0.28 0.3 0.31 0.33 
D2_180_17.jpg 0.37 0.25 0.24 0.27 0.29 0.26 0.26 0.28 0.31 0.32 
D2_180_18.jpg 0.62 0.39 0.26 0.28 0.3 0.27 0.28 0.29 0.31 0.33 
D2_180_19.jpg 1.0 0.56 0.32 0.29 0.29 0.28 0.29 0.31 0.34 0.35 
D2_180_2.jpg 1.06 0.47 0.39 0.34 0.33 0.34 0.36 0.37 0.39 0.39 
D2_180_20.jpg 0.2 0.23 0.26 0.29 0.29 0.25 0.26 0.28 0.31 0.32 
D2_180_21.jpg 0.22 0.2 0.21 0.24 0.26 0.25 0.26 0.28 0.3 0.32 
D2_180_22.jpg 0.15 0.15 0.19 0.22 0.25 0.24 0.26 0.28 0.3 0.32 
D2_180_23.jpg 0.51 0.3 0.24 0.28 0.29 0.26 0.26 0.28 0.31 0.33 
D2_180_24.jpg 0.51 0.31 0.24 0.26 0.28 0.26 0.26 0.28 0.31 0.33 
D2_180_25.jpg 0.22 0.18 0.22 0.25 0.26 0.25 0.26 0.28 0.3 0.32 
D2_180_3.jpg 1.06 0.88 0.41 0.33 0.3 0.3 0.31 0.33 0.35 0.37 
D2_180_4.jpg 1.06 0.52 0.38 0.33 0.29 0.31 0.33 0.34 0.36 0.38 
D2_180_5.jpg 0.42 0.38 0.33 0.35 0.36 0.38 0.39 0.4 0.41 0.4 
D2_180_6.jpg 1.06 0.58 0.42 0.39 0.34 0.33 0.35 0.37 0.38 0.39 
D2_180_7.jpg 1.06 0.58 0.41 0.32 0.29 0.31 0.32 0.34 0.36 0.38 
D2_180_8.jpg 1.0 0.38 0.35 0.37 0.36 0.38 0.39 0.41 0.41 0.41 
D2_180_9.jpg 0.36 0.29 0.35 0.38 0.42 0.45 0.47 0.46 0.46 0.41 
D2_210_1.jpg 0.49 0.47 0.47 0.48 0.49 0.49 0.51 0.5 0.44 0.42 
D2_210_10.jpg 0.72 0.56 0.56 0.53 0.5 0.51 0.51 0.49 0.44 0.4 
D2_210_11.jpg 0.67 0.55 0.57 0.52 0.49 0.5 0.51 0.49 0.44 0.41 
D2_210_2.jpg 0.82 0.71 0.64 0.62 0.49 0.51 0.52 0.5 0.45 0.42 
D2_210_3.jpg 1.0 0.9 0.84 0.73 0.49 0.51 0.52 0.5 0.44 0.42 
D2_210_4.jpg 1.0 0.86 0.86 0.76 0.49 0.5 0.52 0.49 0.45 0.42 
D2_210_5.jpg 1.06 0.92 0.83 0.73 0.49 0.5 0.52 0.5 0.44 0.41 
D2_210_6.jpg 0.86 0.73 0.69 0.65 0.48 0.5 0.51 0.49 0.44 0.4 
D2_210_7.jpg 1.0 0.82 0.69 0.69 0.5 0.5 0.52 0.5 0.45 0.42 
D2_210_8.jpg 0.95 0.84 0.72 0.7 0.49 0.51 0.52 0.5 0.44 0.42 
D2_210_9.jpg 1.06 0.84 0.83 0.72 0.49 0.5 0.52 0.5 0.45 0.41 
D2_240_1.jpg 0.78 0.77 0.76 0.72 0.49 0.5 0.52 0.49 0.44 0.43 
D2_240_10.jpg 0.75 0.67 0.68 0.66 0.51 0.5 0.52 0.5 0.45 0.42 
D2_240_11.jpg 0.6 0.64 0.68 0.65 0.51 0.5 0.52 0.5 0.45 0.42 
D2_240_2.jpg 0.28 0.38 0.43 0.46 0.49 0.5 0.52 0.51 0.45 0.42 
D2_240_3.jpg 1.06 1.0 0.84 0.78 0.5 0.5 0.52 0.5 0.45 0.42 
D2_240_4.jpg 0.6 0.63 0.69 0.69 0.5 0.51 0.52 0.5 0.45 0.42 
D2_240_5.jpg 0.82 0.77 0.7 0.69 0.5 0.5 0.52 0.5 0.45 0.42 
D2_240_6.jpg 1.06 1.0 0.86 0.77 0.49 0.51 0.52 0.5 0.45 0.42 
D2_240_7.jpg 1.06 0.97 0.83 0.77 0.5 0.51 0.52 0.5 0.45 0.42 
D2_240_8.jpg 1.0 0.95 0.89 0.75 0.5 0.5 0.52 0.5 0.44 0.42 
D2_240_9.jpg 1.0 0.84 0.83 0.73 0.5 0.5 0.51 0.5 0.44 0.42 
D2_270_1.jpg 0.55 0.41 0.35 0.35 0.37 0.39 0.4 0.41 0.42 0.42 
D2_270_10.jpg 0.43 0.26 0.25 0.27 0.28 0.26 0.26 0.28 0.31 0.33 
D2_270_11.jpg 1.06 0.6 0.38 0.34 0.3 0.29 0.31 0.33 0.35 0.37 
D2_270_12.jpg 0.72 0.34 0.36 0.35 0.38 0.39 0.4 0.42 0.42 0.4 
D2_270_13.jpg 1.06 0.73 0.42 0.33 0.3 0.3 0.32 0.34 0.36 0.38 
D2_270_14.jpg 0.53 0.35 0.25 0.28 0.29 0.27 0.28 0.29 0.31 0.33 
D2_270_15.jpg 0.29 0.24 0.24 0.26 0.28 0.25 0.26 0.28 0.3 0.32 
D2_270_16.jpg 0.9 0.37 0.34 0.36 0.36 0.38 0.4 0.41 0.41 0.39 
D2_270_17.jpg 1.06 0.47 0.41 0.35 0.31 0.33 0.35 0.36 0.37 0.39 
D2_270_18.jpg 0.49 0.32 0.25 0.27 0.29 0.27 0.28 0.29 0.31 0.33 
D2_270_19.jpg 0.41 0.24 0.25 0.28 0.29 0.26 0.26 0.28 0.31 0.33 
D2_270_2.jpg 0.72 0.41 0.36 0.34 0.34 0.35 0.36 0.38 0.38 0.4 
D2_270_20.jpg 0.11 0.15 0.19 0.22 0.25 0.24 0.26 0.28 0.3 0.32 
D2_270_21.jpg 0.78 0.35 0.36 0.37 0.39 0.4 0.42 0.44 0.44 0.4 
D2_270_22.jpg 1.06 0.65 0.41 0.35 0.32 0.33 0.34 0.35 0.37 0.39 
D2_270_23.jpg 1.0 0.54 0.31 0.3 0.28 0.3 0.29 0.31 0.34 0.35 
D2_270_24.jpg 1.0 0.48 0.29 0.3 0.3 0.28 0.29 0.31 0.32 0.34 
D2_270_25.jpg 0.21 0.2 0.22 0.24 0.26 0.24 0.26 0.28 0.3 0.32 
D2_270_3.jpg 0.86 0.54 0.43 0.34 0.31 0.32 0.33 0.35 0.37 0.38 
D2_270_4.jpg 0.21 0.22 0.24 0.27 0.29 0.26 0.26 0.28 0.31 0.32 
D2_270_5.jpg 0.18 0.19 0.21 0.23 0.26 0.24 0.25 0.28 0.3 0.32 
D2_270_6.jpg 1.06 0.57 0.43 0.34 0.3 0.3 0.32 0.34 0.36 0.38 
D2_270_7.jpg 0.25 0.3 0.36 0.39 0.44 0.47 0.5 0.49 0.45 0.42 
D2_270_8.jpg 1.06 0.63 0.34 0.3 0.28 0.29 0.31 0.33 0.34 0.36 
D2_270_9.jpg 1.0 0.59 0.33 0.3 0.29 0.29 0.3 0.32 0.34 0.36 
D2_300_1.jpg 0.46 0.33 0.32 0.36 0.37 0.4 0.41 0.41 0.42 0.41 
D2_300_10.jpg 1.0 0.9 0.79 0.7 0.49 0.5 0.52 0.5 0.45 0.42 
D2_300_11.jpg 0.49 0.44 0.47 0.47 0.49 0.5 0.51 0.49 0.43 0.43 
D2_300_2.jpg 0.55 0.54 0.52 0.54 0.49 0.5 0.52 0.49 0.44 0.42 
D2_300_3.jpg 1.06 0.92 0.81 0.69 0.49 0.5 0.52 0.5 0.45 0.42 
D2_300_4.jpg 0.44 0.4 0.43 0.46 0.49 0.5 0.52 0.5 0.45 0.41 
D2_300_5.jpg 0.86 0.77 0.73 0.63 0.49 0.49 0.51 0.49 0.44 0.43 
D2_300_6.jpg 1.06 0.95 0.83 0.72 0.49 0.49 0.51 0.49 0.44 0.42 
D2_300_7.jpg 1.06 0.92 0.86 0.72 0.49 0.49 0.52 0.49 0.44 0.42 
D2_300_8.jpg 0.78 0.69 0.57 0.55 0.49 0.5 0.52 0.5 0.44 0.41 
D2_300_9.jpg 1.06 0.9 0.79 0.71 0.5 0.5 0.52 0.49 0.45 0.42 
D2_30_1.jpg 0.22 0.29 0.36 0.41 0.45 0.48 0.51 0.5 0.44 0.4 
D2_30_10.jpg 1.06 0.88 0.82 0.71 0.49 0.5 0.51 0.49 0.44 0.41 
D2_30_11.jpg 1.0 0.9 0.79 0.71 0.48 0.5 0.52 0.5 0.45 0.42 
D2_30_2.jpg 0.47 0.52 0.46 0.48 0.5 0.51 0.52 0.51 0.44 0.41 
D2_30_3.jpg 0.25 0.3 0.36 0.41 0.46 0.48 0.51 0.5 0.44 0.4 
D2_30_4.jpg 0.51 0.52 0.49 0.49 0.49 0.5 0.51 0.49 0.45 0.4 
D2_30_5.jpg 0.51 0.42 0.38 0.35 0.33 0.34 0.36 0.37 0.39 0.4 
D2_30_6.jpg 0.56 0.51 0.47 0.48 0.5 0.5 0.51 0.5 0.43 0.4 
D2_30_7.jpg 0.72 0.58 0.61 0.58 0.48 0.5 0.51 0.5 0.44 0.4 
D2_30_8.jpg 0.9 0.58 0.61 0.54 0.49 0.5 0.5 0.49 0.44 0.4 
D2_30_9.jpg 0.19 0.28 0.34 0.39 0.44 0.48 0.5 0.49 0.43 0.43 
D2_330_1.jpg 0.75 0.51 0.38 0.34 0.32 0.33 0.35 0.37 0.38 0.39 
D2_330_10.jpg 1.06 1.0 0.81 0.67 0.51 0.51 0.52 0.51 0.44 0.41 
D2_330_11.jpg 0.9 0.71 0.66 0.62 0.5 0.5 0.52 0.5 0.45 0.41 
D2_330_2.jpg 0.29 0.29 0.32 0.36 0.39 0.43 0.45 0.46 0.43 0.43 
D2_330_3.jpg 0.45 0.41 0.47 0.48 0.5 0.5 0.52 0.5 0.45 0.41 
D2_330_4.jpg 0.86 0.71 0.69 0.64 0.51 0.51 0.52 0.51 0.45 0.41 
D2_330_5.jpg 0.69 0.72 0.74 0.71 0.51 0.5 0.51 0.5 0.45 0.41 
D2_330_6.jpg 1.06 0.9 0.78 0.67 0.51 0.51 0.52 0.51 0.45 0.41 
D2_330_7.jpg 0.82 0.69 0.56 0.57 0.49 0.51 0.52 0.51 0.45 0.41 
D2_330_8.jpg 1.0 0.86 0.79 0.73 0.49 0.5 0.51 0.49 0.45 0.42 
D2_330_9.jpg 1.06 0.97 0.83 0.76 0.49 0.5 0.52 0.5 0.44 0.41 
D2_60_1.jpg 0.32 0.37 0.43 0.46 0.49 0.51 0.52 0.51 0.46 0.42 
D2_60_10.jpg 1.0 0.84 0.77 0.73 0.5 0.5 0.52 0.51 0.45 0.42 
D2_60_11.jpg 1.06 0.88 0.86 0.72 0.5 0.5 0.52 0.5 0.45 0.42 
D2_60_2.jpg 0.38 0.35 0.35 0.37 0.39 0.42 0.43 0.44 0.45 0.42 
D2_60_3.jpg 0.72 0.54 0.52 0.51 0.5 0.5 0.52 0.5 0.45 0.42 
D2_60_4.jpg 1.0 0.78 0.78 0.71 0.5 0.5 0.52 0.5 0.45 0.42 
D2_60_5.jpg 0.82 0.54 0.54 0.53 0.51 0.5 0.52 0.51 0.46 0.42 
D2_60_6.jpg 0.62 0.62 0.68 0.61 0.5 0.5 0.52 0.51 0.45 0.42 
D2_60_7.jpg 0.53 0.47 0.48 0.49 0.49 0.5 0.51 0.5 0.45 0.42 
D2_60_8.jpg 0.26 0.33 0.4 0.44 0.47 0.49 0.52 0.5 0.45 0.43 
D2_60_9.jpg 1.06 0.92 0.84 0.8 0.49 0.5 0.52 0.51 0.46 0.42 
D2_90_1.jpg 0.21 0.2 0.21 0.24 0.26 0.25 0.26 0.28 0.3 0.32 
D2_90_10.jpg 0.9 0.39 0.35 0.36 0.37 0.38 0.41 0.42 0.42 0.39 
D2_90_11.jpg 0.29 0.24 0.24 0.26 0.28 0.25 0.26 0.28 0.3 0.32 
D2_90_12.jpg 0.47 0.34 0.25 0.28 0.29 0.27 0.28 0.29 0.31 0.33 
D2_90_13.jpg 1.06 0.73 0.42 0.34 0.31 0.3 0.32 0.34 0.36 0.37 
D2_90_14.jpg 0.72 0.35 0.35 0.37 0.39 0.39 0.4 0.42 0.42 0.4 
D2_90_15.jpg 1.06 0.59 0.38 0.33 0.3 0.29 0.31 0.33 0.35 0.37 
D2_90_16.jpg 0.42 0.26 0.25 0.26 0.29 0.27 0.26 0.28 0.31 0.33 
D2_90_17.jpg 1.0 0.55 0.36 0.31 0.29 0.28 0.3 0.32 0.34 0.36 
D2_90_18.jpg 1.06 0.61 0.35 0.31 0.28 0.29 0.31 0.33 0.34 0.36 
D2_90_19.jpg 0.24 0.28 0.36 0.39 0.44 0.46 0.5 0.49 0.45 0.42 
D2_90_2.jpg 1.0 0.46 0.3 0.3 0.31 0.28 0.29 0.31 0.32 0.34 
D2_90_20.jpg 1.06 0.65 0.39 0.34 0.31 0.3 0.32 0.34 0.36 0.38 
D2_90_21.jpg 0.19 0.19 0.21 0.23 0.26 0.25 0.25 0.28 0.3 0.32 
D2_90_22.jpg 0.22 0.21 0.24 0.27 0.29 0.26 0.26 0.28 0.31 0.32 
D2_90_23.jpg 0.95 0.51 0.43 0.34 0.31 0.32 0.33 0.35 0.37 0.38 
D2_90_24.jpg 0.82 0.46 0.36 0.35 0.35 0.36 0.36 0.38 0.38 0.4 
D2_90_25.jpg 0.62 0.41 0.36 0.35 0.38 0.39 0.4 0.42 0.43 0.42 
D2_90_3.jpg 1.0 0.5 0.32 0.3 0.28 0.29 0.29 0.32 0.34 0.35 
D2_90_4.jpg 1.06 0.73 0.42 0.36 0.32 0.34 0.34 0.35 0.37 0.39 
D2_90_5.jpg 0.75 0.35 0.37 0.37 0.39 0.41 0.42 0.43 0.44 0.41 
D2_90_6.jpg 0.11 0.15 0.19 0.22 0.25 0.24 0.26 0.28 0.3 0.32 
D2_90_7.jpg 0.45 0.25 0.25 0.28 0.29 0.27 0.26 0.28 0.31 0.33 
D2_90_8.jpg 0.55 0.32 0.25 0.28 0.29 0.27 0.27 0.29 0.31 0.33 
D2_90_9.jpg 1.06 0.52 0.42 0.35 0.33 0.34 0.35 0.36 0.37 0.39 

 total sum = 0.81 0.64 0.58 0.54 0.43 0.37 0.38 0.39 0.39 0.38 
